0 0.11348314606741573 0.37433155080213903 0.056179775280898875 0.0392156862745098
0 0.29775280898876405 0.36541889483065954 0.10112359550561797 0.0570409982174688
0 0.4651685393258427 0.34670231729055256 0.14382022471910114 0.09090909090909091
0 0.7089887640449438 0.34402852049910876 0.10561797752808989 0.08199643493761141
0 0.8966292134831461 0.3859180035650624 0.20674157303370785 0.22994652406417113
0 0.18089887640449437 0.5588235294117647 0.0651685393258427 0.08021390374331551
0 0.37640449438202245 0.5650623885918004 0.060674157303370786 0.09982174688057041
0 0.3044943820224719 0.6497326203208557 0.07865168539325842 0.05169340463458111
0 0.37191011235955057 0.7655971479500892 0.07415730337078652 0.062388591800356503
0 0.7865168539325843 0.785204991087344 0.4044943820224719 0.06951871657754011
0 0.5337078651685393 0.6372549019607843 0.1146067415730337 0.0766488413547237
0 0.6134831460674157 0.5320855614973262 0.04044943820224719 0.17647058823529413
0 0.7820224719101123 0.5196078431372549 0.15730337078651685 0.11942959001782531
