0 0.91845703125 0.6451822916666666 0.0556640625 0.23307291666666666
0 0.8056640625 0.5670572916666666 0.12109375 0.2643229166666667
0 0.63037109375 0.4739583333333333 0.2001953125 0.3046875
0 0.427734375 0.3912760416666667 0.142578125 0.15234375
0 0.37060546875 0.5807291666666666 0.1064453125 0.17708333333333334
0 0.09765625 0.6627604166666666 0.048828125 0.11458333333333333
0 0.18017578125 0.6380208333333334 0.0712890625 0.11458333333333333
0 0.25439453125 0.6653645833333334 0.0205078125 0.171875
0 0.20263671875 0.5071614583333334 0.0283203125 0.055989583333333336
0 0.28955078125 0.416015625 0.0419921875 0.07942708333333333
