0 0.099609375 0.6608072916666666 0.048828125 0.11328125
0 0.25537109375 0.6673177083333334 0.0205078125 0.17057291666666666
0 0.431640625 0.390625 0.14453125 0.15364583333333334
0 0.3740234375 0.57421875 0.10546875 0.1640625
0 0.6396484375 0.4830729166666667 0.181640625 0.3203125
0 0.80419921875 0.5703125 0.1259765625 0.265625
0 0.91357421875 0.64453125 0.0732421875 0.2786458333333333
0 0.1806640625 0.634765625 0.06640625 0.11067708333333333
0 0.2890625 0.4153645833333333 0.0390625 0.08333333333333333
0 0.19921875 0.505859375 0.029296875 0.048177083333333336
