0 0.12083333333333333 0.26170212765957446 0.055 0.05531914893617021
0 0.30833333333333335 0.24680851063829787 0.08666666666666667 0.07234042553191489
0 0.46166666666666667 0.2276595744680851 0.14333333333333334 0.15319148936170213
0 0.7133333333333334 0.21914893617021278 0.09 0.10638297872340426
0 0.9025 0.2691489361702128 0.195 0.38085106382978723
0 0.20166666666666666 0.5446808510638298 0.06333333333333334 0.11914893617021277
0 0.31166666666666665 0.6861702127659575 0.07333333333333333 0.07446808510638298
0 0.37916666666666665 0.5638297872340425 0.07833333333333334 0.1702127659574468
0 0.54 0.6734042553191489 0.11 0.1127659574468085
0 0.785 0.9159574468085107 0.42 0.10851063829787234
0 0.37583333333333335 0.8787234042553191 0.095 0.10212765957446808
0 0.615 0.5031914893617021 0.03666666666666667 0.27872340425531916
0 0.7891666666666667 0.4851063829787234 0.155 0.17446808510638298
