0 0.8932584269662921 0.3770053475935829 0.21348314606741572 0.24420677361853832
0 0.46741573033707867 0.34670231729055256 0.15280898876404495 0.0944741532976827
0 0.7101123595505618 0.3502673796791444 0.09438202247191012 0.08377896613190731
0 0.11123595505617978 0.37254901960784315 0.060674157303370786 0.053475935828877004
0 0.3101123595505618 0.36363636363636365 0.0898876404494382 0.04634581105169341
0 0.37640449438202245 0.5606060606060606 0.060674157303370786 0.10160427807486631
0 0.3707865168539326 0.7513368983957219 0.09887640449438202 0.07308377896613191
0 0.7876404494382022 0.7914438502673797 0.4247191011235955 0.06060606060606061
0 0.7595505617977528 0.5409982174688057 0.18876404494382024 0.06951871657754011
0 0.5370786516853933 0.6345811051693404 0.1348314606741573 0.06417112299465241
