0 0.1101123595505618 0.375222816399287 0.06292134831460675 0.0374331550802139
0 0.3 0.3627450980392157 0.09662921348314607 0.040998217468805706
0 0.46179775280898877 0.34581105169340465 0.12808988764044943 0.0784313725490196
0 0.7134831460674157 0.3493761140819964 0.10561797752808989 0.0570409982174688
0 0.9011235955056179 0.3841354723707665 0.19775280898876405 0.24064171122994651
0 0.7573033707865169 0.7771836007130125 0.350561797752809 0.053475935828877004
0 0.3741573033707865 0.767379679144385 0.09213483146067415 0.05525846702317291
0 0.5595505617977528 0.6336898395721925 0.07640449438202247 0.06951871657754011
0 0.3707865168539326 0.5632798573975044 0.08089887640449438 0.09982174688057041
0 0.16404494382022472 0.5508021390374331 0.02696629213483146 0.0784313725490196
0 0.302247191011236 0.64349376114082 0.0696629213483146 0.04634581105169341
0 0.7797752808988764 0.551693404634581 0.1707865168539326 0.040998217468805706
