0 0.8717948717948718 0.36964285714285716 0.05641025641025641 0.08928571428571429
0 0.5166666666666667 0.4089285714285714 0.06923076923076923 0.125
0 0.5858974358974359 0.3410714285714286 0.09487179487179487 0.1392857142857143
0 0.010256410256410256 0.32857142857142857 0.015384615384615385 0.1
0 0.4846153846153846 0.3357142857142857 0.07692307692307693 0.17142857142857143
0 0.14358974358974358 0.3 0.06153846153846154 0.09285714285714286
0 0.08205128205128205 0.36964285714285716 0.046153846153846156 0.09642857142857143
0 0.9487179487179487 0.3053571428571429 0.08205128205128205 0.13214285714285715
0 0.7435897435897436 0.3267857142857143 0.08205128205128205 0.11785714285714285
0 0.8102564102564103 0.3982142857142857 0.05128205128205128 0.11071428571428571
0 0.7205128205128205 0.4625 0.05128205128205128 0.1392857142857143
0 0.29743589743589743 0.48928571428571427 0.041025641025641026 0.10714285714285714
0 0.5089743589743589 0.5857142857142857 0.05384615384615385 0.15
0 0.35128205128205126 0.33214285714285713 0.07692307692307693 0.15714285714285714
0 0.17051282051282052 0.40535714285714286 0.04871794871794872 0.11785714285714285
0 0.22435897435897437 0.33035714285714285 0.05897435897435897 0.09642857142857143
