0 0.6333333333333333 0.7732142857142857 0.035897435897435895 0.06785714285714285
0 0.5602564102564103 0.30357142857142855 0.05384615384615385 0.1
0 0.6615384615384615 0.21785714285714286 0.041025641025641026 0.1
0 0.8846153846153846 0.8 0.03076923076923077 0.05714285714285714
0 0.6307692307692307 0.2517857142857143 0.05128205128205128 0.11071428571428571
0 0.9076923076923077 0.8785714285714286 0.03076923076923077 0.07142857142857142
0 0.9012820512820513 0.675 0.038461538461538464 0.05714285714285714
0 0.7602564102564102 0.49464285714285716 0.03333333333333333 0.10357142857142858
0 0.8076923076923077 0.39107142857142857 0.02564102564102564 0.060714285714285714
0 0.4564102564102564 0.5607142857142857 0.035897435897435895 0.08571428571428572
0 0.9205128205128205 0.7375 0.020512820512820513 0.05357142857142857
0 0.7756410256410257 0.35 0.023076923076923078 0.05714285714285714
0 0.7782051282051282 0.4125 0.017948717948717947 0.04642857142857143
