0 0.45384615384615384 0.07857142857142857 0.020512820512820513 0.05714285714285714
0 0.632051282051282 0.08035714285714286 0.017948717948717947 0.04642857142857143
0 0.7012820512820512 0.12678571428571428 0.017948717948717947 0.04642857142857143
0 0.8423076923076923 0.10714285714285714 0.017948717948717947 0.05
0 0.823076923076923 0.10357142857142858 0.020512820512820513 0.06428571428571428
0 0.7782051282051282 0.09464285714285714 0.023076923076923078 0.075
0 0.7282051282051282 0.10178571428571428 0.015384615384615385 0.039285714285714285
0 0.558974358974359 0.09285714285714286 0.015384615384615385 0.05
0 0.5115384615384615 0.0875 0.023076923076923078 0.05357142857142857
0 0.4858974358974359 0.10357142857142858 0.017948717948717947 0.04285714285714286
0 0.8051282051282052 0.11428571428571428 0.015384615384615385 0.05
