0 0.38904109589041097 0.37857142857142856 0.038356164383561646 0.10714285714285714
0 0.7657534246575343 0.38035714285714284 0.0410958904109589 0.11785714285714285
0 0.33972602739726027 0.4160714285714286 0.049315068493150684 0.09642857142857143
0 0.552054794520548 0.3678571428571429 0.052054794520547946 0.14285714285714285
0 0.07397260273972603 0.39107142857142857 0.049315068493150684 0.125
0 0.17534246575342466 0.425 0.03287671232876712 0.07142857142857142
0 0.236986301369863 0.4 0.0410958904109589 0.09285714285714286
0 0.4602739726027397 0.375 0.049315068493150684 0.10714285714285714
0 0.6027397260273972 0.375 0.038356164383561646 0.12857142857142856
0 0.678082191780822 0.37142857142857144 0.052054794520547946 0.12857142857142856
0 0.8575342465753425 0.4035714285714286 0.03287671232876712 0.11428571428571428
0 0.9082191780821918 0.39107142857142857 0.06301369863013699 0.14642857142857144
