0 0.5967336683417085 0.5571428571428572 0.04271356783919598 0.16428571428571428
0 0.8052763819095478 0.5678571428571428 0.04271356783919598 0.15
0 0.6582914572864321 0.5535714285714286 0.05025125628140704 0.15
0 0.5288944723618091 0.5732142857142857 0.04271356783919598 0.16071428571428573
0 0.11683417085427136 0.5732142857142857 0.04773869346733668 0.175
0 0.7374371859296482 0.5553571428571429 0.052763819095477386 0.18214285714285713
0 0.4434673366834171 0.5589285714285714 0.04773869346733668 0.175
0 0.1922110552763819 0.5517857142857143 0.04773869346733668 0.175
0 0.36809045226130654 0.5517857142857143 0.04773869346733668 0.16785714285714284
0 0.27889447236180903 0.5607142857142857 0.04020100502512563 0.15714285714285714
0 0.871859296482412 0.5553571428571429 0.04522613065326633 0.18214285714285713
