0 0.7315521628498728 0.7482142857142857 0.06361323155216285 0.08214285714285714
0 0.27608142493638677 0.18035714285714285 0.058524173027989825 0.175
0 0.1361323155216285 0.4357142857142857 0.089058524173028 0.16428571428571428
0 0.44783715012722647 0.7232142857142857 0.05089058524173028 0.16785714285714284
0 0.42493638676844786 0.18035714285714285 0.06615776081424936 0.18214285714285713
0 0.583969465648855 0.4517857142857143 0.0737913486005089 0.13214285714285715
0 0.7264631043256997 0.4625 0.06870229007633588 0.1392857142857143
0 0.5699745547073791 0.16964285714285715 0.05089058524173028 0.18214285714285713
0 0.7175572519083969 0.16964285714285715 0.061068702290076333 0.18214285714285713
0 0.8384223918575063 0.44821428571428573 0.0737913486005089 0.16071428571428573
0 0.8524173027989822 0.16964285714285715 0.05597964376590331 0.18928571428571428
0 0.6068702290076335 0.725 0.058524173027989825 0.18571428571428572
0 0.4580152671755725 0.4625 0.07124681933842239 0.14642857142857144
0 0.13104325699745548 0.7303571428571428 0.06361323155216285 0.21785714285714286
0 0.8765903307888041 0.7375 0.05343511450381679 0.09642857142857143
0 0.13994910941475827 0.1875 0.07124681933842239 0.15357142857142858
0 0.2900763358778626 0.7285714285714285 0.05597964376590331 0.2
0 0.29389312977099236 0.44285714285714284 0.11959287531806616 0.16428571428571428
