0 0.3162393162393162 0.6017857142857143 0.07692307692307693 0.060714285714285714
0 0.8589743589743589 0.1125 0.07692307692307693 0.060714285714285714
0 0.6965811965811965 0.08928571428571429 0.08547008547008547 0.08571428571428572
0 0.12606837606837606 0.10357142857142858 0.07264957264957266 0.1
0 0.5170940170940171 0.09821428571428571 0.07692307692307693 0.09642857142857143
0 0.5170940170940171 0.5803571428571429 0.07692307692307693 0.09642857142857143
0 0.6944444444444444 0.5732142857142857 0.0641025641025641 0.08928571428571429
0 0.8696581196581197 0.35 0.0641025641025641 0.08571428571428572
0 0.8867521367521367 0.5607142857142857 0.0641025641025641 0.12142857142857143
0 0.1346153846153846 0.5857142857142857 0.0811965811965812 0.1
0 0.3269230769230769 0.3410714285714286 0.0811965811965812 0.125
0 0.1282051282051282 0.3392857142857143 0.07692307692307693 0.14285714285714285
0 0.12606837606837606 0.8035714285714286 0.07264957264957266 0.10714285714285714
0 0.5235042735042735 0.7982142857142858 0.08974358974358974 0.10357142857142858
0 0.5149572649572649 0.34464285714285714 0.0811965811965812 0.125
0 0.9017094017094017 0.8035714285714286 0.07692307692307693 0.1
0 0.3269230769230769 0.8017857142857143 0.0811965811965812 0.08928571428571429
0 0.7051282051282052 0.3410714285714286 0.09401709401709402 0.10357142857142858
0 0.7200854700854701 0.7910714285714285 0.08974358974358974 0.09642857142857143
0 0.31837606837606836 0.10178571428571428 0.0641025641025641 0.075
