0 0.511166253101737 0.5232142857142857 0.04962779156327544 0.075
0 0.8771712158808933 0.7928571428571428 0.052109181141439205 0.1
0 0.4305210918114144 0.6428571428571429 0.04218362282878412 0.08571428571428572
0 0.9007444168734491 0.48035714285714287 0.04466501240694789 0.08928571428571429
0 0.1687344913151365 0.7607142857142857 0.03970223325062035 0.10714285714285714
0 0.760545905707196 0.6285714285714286 0.04714640198511166 0.08571428571428572
0 0.5893300248138957 0.7392857142857143 0.052109181141439205 0.1
0 0.3337468982630273 0.7071428571428572 0.04714640198511166 0.15
0 0.7679900744416873 0.46964285714285714 0.04714640198511166 0.10357142857142858
0 0.15508684863523572 0.19464285714285715 0.022332506203473945 0.075
0 0.29528535980148884 0.30357142857142855 0.02977667493796526 0.05714285714285714
0 0.44168734491315137 0.26071428571428573 0.02977667493796526 0.05
0 0.5719602977667494 0.26607142857142857 0.03722084367245657 0.04642857142857143
0 0.9330024813895782 0.21785714285714286 0.02977667493796526 0.05714285714285714
0 0.3535980148883375 0.44821428571428573 0.02729528535980149 0.06785714285714285
