0 0.8269230769230769 0.39107142857142857 0.06153846153846154 0.10357142857142858
0 0.18461538461538463 0.6 0.09230769230769231 0.11428571428571428
0 0.6269230769230769 0.7982142857142858 0.07692307692307693 0.08928571428571429
0 0.41923076923076924 0.16428571428571428 0.1 0.15
0 0.17692307692307693 0.7928571428571428 0.07692307692307693 0.09285714285714286
0 0.8326923076923077 0.17857142857142858 0.05 0.10714285714285714
0 0.40192307692307694 0.5875 0.057692307692307696 0.1392857142857143
0 0.17884615384615385 0.39107142857142857 0.057692307692307696 0.11785714285714285
0 0.18269230769230768 0.18035714285714285 0.08846153846153847 0.175
0 0.40192307692307694 0.39464285714285713 0.057692307692307696 0.125
0 0.6269230769230769 0.38571428571428573 0.05384615384615385 0.12142857142857143
0 0.6288461538461538 0.5928571428571429 0.07307692307692308 0.15
0 0.8326923076923077 0.7875 0.07307692307692308 0.18928571428571428
0 0.6403846153846153 0.17142857142857143 0.08846153846153847 0.16428571428571428
0 0.39615384615384613 0.7928571428571428 0.07692307692307693 0.1
0 0.8403846153846154 0.5696428571428571 0.07307692307692308 0.11071428571428571
