0 0.47262247838616717 0.1375 0.023054755043227664 0.04642857142857143
0 0.059077809798270896 0.14821428571428572 0.03170028818443804 0.060714285714285714
0 0.23054755043227665 0.21785714285714286 0.0345821325648415 0.06428571428571428
0 0.1844380403458213 0.08035714285714286 0.02881844380403458 0.060714285714285714
0 0.3760806916426513 0.09107142857142857 0.03170028818443804 0.05357142857142857
0 0.09221902017291066 0.22678571428571428 0.0345821325648415 0.060714285714285714
0 0.5144092219020173 0.09285714285714286 0.025936599423631124 0.05
0 0.3069164265129683 0.12321428571428572 0.025936599423631124 0.060714285714285714
0 0.06772334293948126 0.0625 0.03170028818443804 0.05357142857142857
0 0.729106628242075 0.06428571428571428 0.02881844380403458 0.05
0 0.2377521613832853 0.039285714285714285 0.025936599423631124 0.05
0 0.2737752161383285 0.2767857142857143 0.02881844380403458 0.060714285714285714
0 0.09077809798270893 0.2982142857142857 0.03170028818443804 0.06785714285714285
0 0.24639769452449567 0.4375 0.03170028818443804 0.06785714285714285
0 0.41210374639769454 0.21785714285714286 0.0345821325648415 0.06428571428571428
0 0.42219020172910665 0.04285714285714286 0.025936599423631124 0.05714285714285714
0 0.03314121037463977 0.4107142857142857 0.03170028818443804 0.06428571428571428
0 0.13976945244956773 0.6982142857142857 0.05475504322766571 0.08214285714285714
0 0.5922190201729106 0.19285714285714287 0.03170028818443804 0.05714285714285714
0 0.15706051873198848 0.32857142857142857 0.025936599423631124 0.07142857142857142
0 0.4365994236311239 0.33035714285714285 0.03170028818443804 0.06785714285714285
0 0.09798270893371758 0.5357142857142857 0.040345821325648415 0.07857142857142857
0 0.15417867435158503 0.18928571428571428 0.025936599423631124 0.04285714285714286
0 0.0446685878962536 0.08928571428571429 0.03170028818443804 0.03571428571428571
