0 0.3976945244956772 0.05178571428571429 0.040345821325648415 0.060714285714285714
0 0.8069164265129684 0.1732142857142857 0.040345821325648415 0.05357142857142857
0 0.9221902017291066 0.1357142857142857 0.040345821325648415 0.07142857142857142
0 0.8227665706051873 0.3767857142857143 0.03170028818443804 0.060714285714285714
0 0.7449567723342939 0.7553571428571428 0.07204610951008646 0.125
0 0.8487031700288185 0.10357142857142858 0.037463976945244955 0.06428571428571428
0 0.1037463976945245 0.7178571428571429 0.05187319884726225 0.1
0 0.9510086455331412 0.425 0.0345821325648415 0.07142857142857142
0 0.9351585014409222 0.23035714285714284 0.037463976945244955 0.075
0 0.7824207492795389 0.6232142857142857 0.043227665706051875 0.08214285714285714
0 0.8443804034582133 0.5178571428571429 0.0345821325648415 0.07142857142857142
0 0.5432276657060519 0.5732142857142857 0.043227665706051875 0.11071428571428571
0 0.34438040345821325 0.6214285714285714 0.04899135446685879 0.1
0 0.9236311239193083 0.7017857142857142 0.04899135446685879 0.08928571428571429
0 0.6743515850144092 0.39285714285714285 0.040345821325648415 0.1
0 0.4538904899135447 0.7035714285714286 0.04899135446685879 0.1
0 0.7031700288184438 0.07678571428571429 0.0345821325648415 0.04642857142857143
